# Zones
# Label    x    y    z
<ZONE>
    0      0    0    0
    1      1    0    0
    2      2    0    0
    3      0    1    0
    4      1    1    0
    5      2    1    0
    6      0    2    0
    7      1    2    0
    8      2    2    0
    9      0    3    0
    10     1    3    0
    11     2    3    0
    12     0    4    0
    13     1    4    0
    14     2    4    0
    15     0    5    0
</ZONE>
# Continuities
#  Zone1   Zone2 Channel   Conductivity DeploymentCost
<CONTIGUITY>
      0       0       4              0          1e+12
      0       0       5              0          1e+12
      0       1       1              0              0
      0       1       2              0              0
      0       1       3              0              0
      0       1       4              1              1
      0       1       5              1              1
      0       2       1              0              0
      0       2       2              0              0
      0       2       3              0              0
      0       2       4              1              2
      0       2       5              1              2
      0       3       1              0              0
      0       3       2              0              0
      0       3       3              0              0
      0       3       4              1              1
      0       3       5              1              1
      0       4       1              0              0
      0       4       2              0              0
      0       4       3              0              0
      0       4       4              1        1.41421
      0       4       5              1        1.41421
      0       5       1              0              0
      0       5       2              0              0
      0       5       3              0              0
      0       5       4              1        2.23607
      0       5       5              1        2.23607
      0       6       1              0              0
      0       6       2              0              0
      0       6       3              0              0
      0       6       4              1              2
      0       6       5              1              2
      0       7       1              0              0
      0       7       2              0              0
      0       7       3              0              0
      0       7       4              1        2.23607
      0       7       5              1        2.23607
      0       8       1              0              0
      0       8       2              0              0
      0       8       3              0              0
      0       8       4              1        2.82843
      0       8       5              1        2.82843
      0       9       1              0              0
      0       9       2              0              0
      0       9       3              0              0
      0       9       4              1              3
      0       9       5              1              3
      0      10       1              0              0
      0      10       2              0              0
      0      10       3              0              0
      0      10       4              1        3.16228
      0      10       5              1        3.16228
      0      11       1              0              0
      0      11       2              0              0
      0      11       3              0              0
      0      11       4              1        3.60555
      0      11       5              1        3.60555
      0      12       1              0              0
      0      12       2              0              0
      0      12       3              0              0
      0      12       4              1              4
      0      12       5              1              4
      0      13       1              0              0
      0      13       2              0              0
      0      13       3              0              0
      0      13       4              1        4.12311
      0      13       5              1        4.12311
      0      14       1              0              0
      0      14       2              0              0
      0      14       3              0              0
      0      14       4              1        4.47214
      0      14       5              1        4.47214
      0      15       1              0              0
      0      15       2              0              0
      0      15       3              0              0
      0      15       4              1              5
      0      15       5              1              5
      1       1       4              0          1e+12
      1       1       5              0          1e+12
      1       2       1              0              0
      1       2       2              0              0
      1       2       3              0              0
      1       2       4              1              1
      1       2       5              1              1
      1       3       1              0              0
      1       3       2              0              0
      1       3       3              0              0
      1       3       4              1        1.41421
      1       3       5              1        1.41421
      1       4       1              0              0
      1       4       2              0              0
      1       4       3              0              0
      1       4       4              1              1
      1       4       5              1              1
      1       5       1              0              0
      1       5       2              0              0
      1       5       3              0              0
      1       5       4              1        1.41421
      1       5       5              1        1.41421
      1       6       1              0              0
      1       6       2              0              0
      1       6       3              0              0
      1       6       4              1        2.23607
      1       6       5              1        2.23607
      1       7       1              0              0
      1       7       2              0              0
      1       7       3              0              0
      1       7       4              1              2
      1       7       5              1              2
      1       8       1              0              0
      1       8       2              0              0
      1       8       3              0              0
      1       8       4              1        2.23607
      1       8       5              1        2.23607
      1       9       1              0              0
      1       9       2              0              0
      1       9       3              0              0
      1       9       4              1        3.16228
      1       9       5              1        3.16228
      1      10       1              0              0
      1      10       2              0              0
      1      10       3              0              0
      1      10       4              1              3
      1      10       5              1              3
      1      11       1              0              0
      1      11       2              0              0
      1      11       3              0              0
      1      11       4              1        3.16228
      1      11       5              1        3.16228
      1      12       1              0              0
      1      12       2              0              0
      1      12       3              0              0
      1      12       4              1        4.12311
      1      12       5              1        4.12311
      1      13       1              0              0
      1      13       2              0              0
      1      13       3              0              0
      1      13       4              1              4
      1      13       5              1              4
      1      14       1              0              0
      1      14       2              0              0
      1      14       3              0              0
      1      14       4              1        4.12311
      1      14       5              1        4.12311
      1      15       1              0              0
      1      15       2              0              0
      1      15       3              0              0
      1      15       4              1        5.09902
      1      15       5              1        5.09902
      2       2       4              0          1e+12
      2       2       5              0          1e+12
      2       3       1              0              0
      2       3       2              0              0
      2       3       3              0              0
      2       3       4              1        2.23607
      2       3       5              1        2.23607
      2       4       1              0              0
      2       4       2              0              0
      2       4       3              0              0
      2       4       4              1        1.41421
      2       4       5              1        1.41421
      2       5       1              0              0
      2       5       2              0              0
      2       5       3              0              0
      2       5       4              1              1
      2       5       5              1              1
      2       6       1              0              0
      2       6       2              0              0
      2       6       3              0              0
      2       6       4              1        2.82843
      2       6       5              1        2.82843
      2       7       1              0              0
      2       7       2              0              0
      2       7       3              0              0
      2       7       4              1        2.23607
      2       7       5              1        2.23607
      2       8       1              0              0
      2       8       2              0              0
      2       8       3              0              0
      2       8       4              1              2
      2       8       5              1              2
      2       9       1              0              0
      2       9       2              0              0
      2       9       3              0              0
      2       9       4              1        3.60555
      2       9       5              1        3.60555
      2      10       1              0              0
      2      10       2              0              0
      2      10       3              0              0
      2      10       4              1        3.16228
      2      10       5              1        3.16228
      2      11       1              0              0
      2      11       2              0              0
      2      11       3              0              0
      2      11       4              1              3
      2      11       5              1              3
      2      12       1              0              0
      2      12       2              0              0
      2      12       3              0              0
      2      12       4              1        4.47214
      2      12       5              1        4.47214
      2      13       1              0              0
      2      13       2              0              0
      2      13       3              0              0
      2      13       4              1        4.12311
      2      13       5              1        4.12311
      2      14       1              0              0
      2      14       2              0              0
      2      14       3              0              0
      2      14       4              1              4
      2      14       5              1              4
      2      15       1              0              0
      2      15       2              0              0
      2      15       3              0              0
      2      15       4              1        5.38516
      2      15       5              1        5.38516
      3       3       4              0          1e+12
      3       3       5              0          1e+12
      3       4       1              0              0
      3       4       2              0              0
      3       4       3              0              0
      3       4       4              1              1
      3       4       5              1              1
      3       5       1              0              0
      3       5       2              0              0
      3       5       3              0              0
      3       5       4              1              2
      3       5       5              1              2
      3       6       1              0              0
      3       6       2              0              0
      3       6       3              0              0
      3       6       4              1              1
      3       6       5              1              1
      3       7       1              0              0
      3       7       2              0              0
      3       7       3              0              0
      3       7       4              1        1.41421
      3       7       5              1        1.41421
      3       8       1              0              0
      3       8       2              0              0
      3       8       3              0              0
      3       8       4              1        2.23607
      3       8       5              1        2.23607
      3       9       1              0              0
      3       9       2              0              0
      3       9       3              0              0
      3       9       4              1              2
      3       9       5              1              2
      3      10       1              0              0
      3      10       2              0              0
      3      10       3              0              0
      3      10       4              1        2.23607
      3      10       5              1        2.23607
      3      11       1              0              0
      3      11       2              0              0
      3      11       3              0              0
      3      11       4              1        2.82843
      3      11       5              1        2.82843
      3      12       1              0              0
      3      12       2              0              0
      3      12       3              0              0
      3      12       4              1              3
      3      12       5              1              3
      3      13       1              0              0
      3      13       2              0              0
      3      13       3              0              0
      3      13       4              1        3.16228
      3      13       5              1        3.16228
      3      14       1              0              0
      3      14       2              0              0
      3      14       3              0              0
      3      14       4              1        3.60555
      3      14       5              1        3.60555
      3      15       1              0              0
      3      15       2              0              0
      3      15       3              0              0
      3      15       4              1              4
      3      15       5              1              4
      4       4       4              0          1e+12
      4       4       5              0          1e+12
      4       5       1              0              0
      4       5       2              0              0
      4       5       3              0              0
      4       5       4              1              1
      4       5       5              1              1
      4       6       1              0              0
      4       6       2              0              0
      4       6       3              0              0
      4       6       4              1        1.41421
      4       6       5              1        1.41421
      4       7       1              0              0
      4       7       2              0              0
      4       7       3              0              0
      4       7       4              1              1
      4       7       5              1              1
      4       8       1              0              0
      4       8       2              0              0
      4       8       3              0              0
      4       8       4              1        1.41421
      4       8       5              1        1.41421
      4       9       1              0              0
      4       9       2              0              0
      4       9       3              0              0
      4       9       4              1        2.23607
      4       9       5              1        2.23607
      4      10       1              0              0
      4      10       2              0              0
      4      10       3              0              0
      4      10       4              1              2
      4      10       5              1              2
      4      11       1              0              0
      4      11       2              0              0
      4      11       3              0              0
      4      11       4              1        2.23607
      4      11       5              1        2.23607
      4      12       1              0              0
      4      12       2              0              0
      4      12       3              0              0
      4      12       4              1        3.16228
      4      12       5              1        3.16228
      4      13       1              0              0
      4      13       2              0              0
      4      13       3              0              0
      4      13       4              1              3
      4      13       5              1              3
      4      14       1              0              0
      4      14       2              0              0
      4      14       3              0              0
      4      14       4              1        3.16228
      4      14       5              1        3.16228
      4      15       1              0              0
      4      15       2              0              0
      4      15       3              0              0
      4      15       4              1        4.12311
      4      15       5              1        4.12311
      5       5       4              0          1e+12
      5       5       5              0          1e+12
      5       6       1              0              0
      5       6       2              0              0
      5       6       3              0              0
      5       6       4              1        2.23607
      5       6       5              1        2.23607
      5       7       1              0              0
      5       7       2              0              0
      5       7       3              0              0
      5       7       4              1        1.41421
      5       7       5              1        1.41421
      5       8       1              0              0
      5       8       2              0              0
      5       8       3              0              0
      5       8       4              1              1
      5       8       5              1              1
      5       9       1              0              0
      5       9       2              0              0
      5       9       3              0              0
      5       9       4              1        2.82843
      5       9       5              1        2.82843
      5      10       1              0              0
      5      10       2              0              0
      5      10       3              0              0
      5      10       4              1        2.23607
      5      10       5              1        2.23607
      5      11       1              0              0
      5      11       2              0              0
      5      11       3              0              0
      5      11       4              1              2
      5      11       5              1              2
      5      12       1              0              0
      5      12       2              0              0
      5      12       3              0              0
      5      12       4              1        3.60555
      5      12       5              1        3.60555
      5      13       1              0              0
      5      13       2              0              0
      5      13       3              0              0
      5      13       4              1        3.16228
      5      13       5              1        3.16228
      5      14       1              0              0
      5      14       2              0              0
      5      14       3              0              0
      5      14       4              1              3
      5      14       5              1              3
      5      15       1              0              0
      5      15       2              0              0
      5      15       3              0              0
      5      15       4              1        4.47214
      5      15       5              1        4.47214
      6       6       4              0          1e+12
      6       6       5              0          1e+12
      6       7       1              0              0
      6       7       2              0              0
      6       7       3              0              0
      6       7       4              1              1
      6       7       5              1              1
      6       8       1              0              0
      6       8       2              0              0
      6       8       3              0              0
      6       8       4              1              2
      6       8       5              1              2
      6       9       1              0              0
      6       9       2              0              0
      6       9       3              0              0
      6       9       4              1              1
      6       9       5              1              1
      6      10       1              0              0
      6      10       2              0              0
      6      10       3              0              0
      6      10       4              1        1.41421
      6      10       5              1        1.41421
      6      11       1              0              0
      6      11       2              0              0
      6      11       3              0              0
      6      11       4              1        2.23607
      6      11       5              1        2.23607
      6      12       1              0              0
      6      12       2              0              0
      6      12       3              0              0
      6      12       4              1              2
      6      12       5              1              2
      6      13       1              0              0
      6      13       2              0              0
      6      13       3              0              0
      6      13       4              1        2.23607
      6      13       5              1        2.23607
      6      14       1              0              0
      6      14       2              0              0
      6      14       3              0              0
      6      14       4              1        2.82843
      6      14       5              1        2.82843
      6      15       1              0              0
      6      15       2              0              0
      6      15       3              0              0
      6      15       4              1              3
      6      15       5              1              3
      7       7       4              0          1e+12
      7       7       5              0          1e+12
      7       8       1              0              0
      7       8       2              0              0
      7       8       3              0              0
      7       8       4              1              1
      7       8       5              1              1
      7       9       1              0              0
      7       9       2              0              0
      7       9       3              0              0
      7       9       4              1        1.41421
      7       9       5              1        1.41421
      7      10       1              0              0
      7      10       2              0              0
      7      10       3              0              0
      7      10       4              1              1
      7      10       5              1              1
      7      11       1              0              0
      7      11       2              0              0
      7      11       3              0              0
      7      11       4              1        1.41421
      7      11       5              1        1.41421
      7      12       1              0              0
      7      12       2              0              0
      7      12       3              0              0
      7      12       4              1        2.23607
      7      12       5              1        2.23607
      7      13       1              0              0
      7      13       2              0              0
      7      13       3              0              0
      7      13       4              1              2
      7      13       5              1              2
      7      14       1              0              0
      7      14       2              0              0
      7      14       3              0              0
      7      14       4              1        2.23607
      7      14       5              1        2.23607
      7      15       1              0              0
      7      15       2              0              0
      7      15       3              0              0
      7      15       4              1        3.16228
      7      15       5              1        3.16228
      8       8       4              0          1e+12
      8       8       5              0          1e+12
      8       9       1              0              0
      8       9       2              0              0
      8       9       3              0              0
      8       9       4              1        2.23607
      8       9       5              1        2.23607
      8      10       1              0              0
      8      10       2              0              0
      8      10       3              0              0
      8      10       4              1        1.41421
      8      10       5              1        1.41421
      8      11       1              0              0
      8      11       2              0              0
      8      11       3              0              0
      8      11       4              1              1
      8      11       5              1              1
      8      12       1              0              0
      8      12       2              0              0
      8      12       3              0              0
      8      12       4              1        2.82843
      8      12       5              1        2.82843
      8      13       1              0              0
      8      13       2              0              0
      8      13       3              0              0
      8      13       4              1        2.23607
      8      13       5              1        2.23607
      8      14       1              0              0
      8      14       2              0              0
      8      14       3              0              0
      8      14       4              1              2
      8      14       5              1              2
      8      15       1              0              0
      8      15       2              0              0
      8      15       3              0              0
      8      15       4              1        3.60555
      8      15       5              1        3.60555
      9       9       4              0          1e+12
      9       9       5              0          1e+12
      9      10       1              0              0
      9      10       2              0              0
      9      10       3              0              0
      9      10       4              1              1
      9      10       5              1              1
      9      11       1              0              0
      9      11       2              0              0
      9      11       3              0              0
      9      11       4              1              2
      9      11       5              1              2
      9      12       1              0              0
      9      12       2              0              0
      9      12       3              0              0
      9      12       4              1              1
      9      12       5              1              1
      9      13       1              0              0
      9      13       2              0              0
      9      13       3              0              0
      9      13       4              1        1.41421
      9      13       5              1        1.41421
      9      14       1              0              0
      9      14       2              0              0
      9      14       3              0              0
      9      14       4              1        2.23607
      9      14       5              1        2.23607
      9      15       1              0              0
      9      15       2              0              0
      9      15       3              0              0
      9      15       4              1              2
      9      15       5              1              2
     10      10       4              0          1e+12
     10      10       5              0          1e+12
     10      11       1              0              0
     10      11       2              0              0
     10      11       3              0              0
     10      11       4              1              1
     10      11       5              1              1
     10      12       1              0              0
     10      12       2              0              0
     10      12       3              0              0
     10      12       4              1        1.41421
     10      12       5              1        1.41421
     10      13       1              0              0
     10      13       2              0              0
     10      13       3              0              0
     10      13       4              1              1
     10      13       5              1              1
     10      14       1              0              0
     10      14       2              0              0
     10      14       3              0              0
     10      14       4              1        1.41421
     10      14       5              1        1.41421
     10      15       1              0              0
     10      15       2              0              0
     10      15       3              0              0
     10      15       4              1        2.23607
     10      15       5              1        2.23607
     11      11       4              0          1e+12
     11      11       5              0          1e+12
     11      12       1              0              0
     11      12       2              0              0
     11      12       3              0              0
     11      12       4              1        2.23607
     11      12       5              1        2.23607
     11      13       1              0              0
     11      13       2              0              0
     11      13       3              0              0
     11      13       4              1        1.41421
     11      13       5              1        1.41421
     11      14       1              0              0
     11      14       2              0              0
     11      14       3              0              0
     11      14       4              1              1
     11      14       5              1              1
     11      15       1              0              0
     11      15       2              0              0
     11      15       3              0              0
     11      15       4              1        2.82843
     11      15       5              1        2.82843
     12      12       4              0          1e+12
     12      12       5              0          1e+12
     12      13       1              0              0
     12      13       2              0              0
     12      13       3              0              0
     12      13       4              1              1
     12      13       5              1              1
     12      14       1              0              0
     12      14       2              0              0
     12      14       3              0              0
     12      14       4              1              2
     12      14       5              1              2
     12      15       1              0              0
     12      15       2              0              0
     12      15       3              0              0
     12      15       4              1              1
     12      15       5              1              1
     13      13       4              0          1e+12
     13      13       5              0          1e+12
     13      14       1              0              0
     13      14       2              0              0
     13      14       3              0              0
     13      14       4              1              1
     13      14       5              1              1
     13      15       1              0              0
     13      15       2              0              0
     13      15       3              0              0
     13      15       4              1        1.41421
     13      15       5              1        1.41421
     14      14       4              0          1e+12
     14      14       5              0          1e+12
     14      15       1              0              0
     14      15       2              0              0
     14      15       3              0              0
     14      15       4              1        2.23607
     14      15       5              1        2.23607
     15      15       4              0          1e+12
     15      15       5              0          1e+12
</CONTIGUITY>
# Tasks
#     Label     Size Zone Mobile
<TASK>
     RtZn0      156    0    0
    Ts1Zn0       10    0    1
    Ts2Zn0       19    0    1
     RtZn1       45    1    0
    Ts1Zn1       16    1    1
     RtZn2      143    2    0
    Ts1Zn2       15    2    1
    Ts2Zn2       22    2    1
    Ts3Zn2       50    2    1
     RtZn3       35    3    0
    Ts1Zn3       14    3    1
    Ts2Zn3       18    3    1
    Ts3Zn3       15    3    1
     RtZn4      182    4    0
    Ts1Zn4       18    4    1
    Ts2Zn4       11    4    1
    Ts3Zn4       50    4    1
    Ts4Zn4       36    4    1
     RtZn5      152    5    0
    Ts1Zn5       53    5    1
    Ts2Zn5       41    5    1
     RtZn6       53    6    0
    Ts1Zn6       14    6    1
    Ts2Zn6       13    6    1
    Ts3Zn6       22    6    1
     RtZn7      129    7    0
    Ts1Zn7       10    7    1
    Ts2Zn7       37    7    1
    Ts3Zn7       45    7    1
    Ts4Zn7       22    7    1
     RtZn8       35    8    0
    Ts1Zn8       15    8    1
    Ts2Zn8       15    8    1
     RtZn9       38    9    0
    Ts1Zn9       41    9    1
    RtZn10       39   10    0
    Ts1Zn10      16   10    1
    RtZn11      132   11    0
    Ts1Zn11      10   11    1
    Ts2Zn11      18   11    1
    Ts3Zn11      16   11    1
    RtZn12      163   12    0
    Ts1Zn12      21   12    1
    Ts2Zn12      15   12    1
    Ts3Zn12      17   12    1
    RtZn13      162   13    0
    Ts1Zn13      37   13    1
    Ts2Zn13      16   13    1
    Ts3Zn13      14   13    1
    RtZn14      133   14    0
    Ts1Zn14      18   14    1
    Ts2Zn14      16   14    1
    RtZn15       37   15    0
    Ts1Zn15      15   15    1
    Ts2Zn15      40   15    1
</TASK>
# Data Flows
#    Label    Source    Target Bandwidth  MaxDelay  MaxError
<DATAFLOW>
 DfZn0Tk1    Ts1Zn0     RtZn0      4711         9         7
 DfZn0Tk2    Ts2Zn0     RtZn0      4451         3         4
 DfZn1Tk1    Ts1Zn1     RtZn1        20        15        10
 DfZn2Tk1    Ts1Zn2     RtZn2      4406         9         8
 DfZn2Tk2    Ts2Zn2     RtZn2        17        15        11
 DfZn2Tk3    Ts3Zn2     RtZn2      5456         3         5
 DfZn3Tk1    Ts1Zn3     RtZn3      5905         3         4
 DfZn3Tk2    Ts2Zn3     RtZn3      6183         3         4
 DfZn3Tk3    Ts3Zn3     RtZn3      4978         8         7
 DfZn4Tk1    Ts1Zn4     RtZn4        12        12        11
 DfZn4Tk2    Ts2Zn4     RtZn4        13        14        12
 DfZn4Tk3    Ts3Zn4     RtZn4      5372         3         5
 DfZn4Tk4    Ts4Zn4     RtZn4      5286         3         4
 DfZn5Tk1    Ts1Zn5     RtZn5      5326         3         4
 DfZn5Tk2    Ts2Zn5     RtZn5        17        14        11
 DfZn6Tk1    Ts1Zn6     RtZn6      5628         3         5
 DfZn6Tk2    Ts2Zn6     RtZn6        16        12        12
 DfZn6Tk3    Ts3Zn6     RtZn6      4853         9         8
 DfZn7Tk1    Ts1Zn7     RtZn7        18        14        11
 DfZn7Tk2    Ts2Zn7     RtZn7      5607         3         4
 DfZn7Tk3    Ts3Zn7     RtZn7      3949         3         5
 DfZn7Tk4    Ts4Zn7     RtZn7      5784         3         5
 DfZn8Tk1    Ts1Zn8     RtZn8      5134         3         4
 DfZn8Tk2    Ts2Zn8     RtZn8      3986         3         5
 DfZn9Tk1    Ts1Zn9     RtZn9      6111         3         5
DfZn10Tk1   Ts1Zn10    RtZn10      4771        10         7
DfZn11Tk1   Ts1Zn11    RtZn11        17        12        12
DfZn11Tk2   Ts2Zn11    RtZn11        14        15        11
DfZn11Tk3   Ts3Zn11    RtZn11      4861         8         8
DfZn12Tk1   Ts1Zn12    RtZn12      6385         3         4
DfZn12Tk2   Ts2Zn12    RtZn12      5083        10         7
DfZn12Tk3   Ts3Zn12    RtZn12      5802         3         4
DfZn13Tk1   Ts1Zn13    RtZn13        12        15        10
DfZn13Tk2   Ts2Zn13    RtZn13        19        15        10
DfZn13Tk3   Ts3Zn13    RtZn13      5250        10         8
DfZn14Tk1   Ts1Zn14    RtZn14        13        15        11
DfZn14Tk2   Ts2Zn14    RtZn14        20        13        12
DfZn15Tk1   Ts1Zn15    RtZn15      6264         3         4
DfZn15Tk2   Ts2Zn15    RtZn15      3789         3         4
DfRtZn0ToRtZn1     RtZn0     RtZn1     16578         3         4
DfRtZn1ToRtZn2     RtZn1     RtZn2     10941         3         4
DfRtZn2ToRtZn3     RtZn2     RtZn3      8525         4         4
DfRtZn3ToRtZn4     RtZn3     RtZn4     14815         4         3
DfRtZn4ToRtZn5     RtZn4     RtZn5     12995         4         3
DfRtZn5ToRtZn6     RtZn5     RtZn6      9819         4         3
DfRtZn6ToRtZn7     RtZn6     RtZn7     11627         4         3
DfRtZn7ToRtZn8     RtZn7     RtZn8      9956         3         5
DfRtZn8ToRtZn9     RtZn8     RtZn9     11007         3         3
DfRtZn9ToRtZn10     RtZn9    RtZn10      9287         3         6
DfRtZn10ToRtZn11    RtZn10    RtZn11     11164         2         6
DfRtZn11ToRtZn12    RtZn11    RtZn12      8131         3         4
DfRtZn12ToRtZn13    RtZn12    RtZn13     11977         2         6
DfRtZn13ToRtZn14    RtZn13    RtZn14      9020         3         5
DfRtZn14ToRtZn15    RtZn14    RtZn15     12928         2         6
</DATAFLOW>