START
| stress_test/stress_test_00/input.txt       | 3| SUCCESS|         90|         89|         30|     0.04|     0.18|     9.95|     3.10|    13.27|   296.61|     282549|        150|        178|         90|         82|   92596.24|  106869.00|     229.00|     353.67|
| stress_test/stress_test_01/input.txt       | 3| SUCCESS|         93|         92|         31|     0.04|     0.19|    10.98|     3.66|    14.87|   325.81|     311234|        155|        184|         93|         71|   94581.07|  110339.67|     236.67|     365.56|
| stress_test/stress_test_02/input.txt       | 3| SUCCESS|         96|         95|         32|     0.04|     0.20|    12.16|     4.34|    16.75|   350.20|     341802|        160|        190|         96|         77|   97942.21|  113929.33|     244.33|     377.44|
| stress_test/stress_test_03/input.txt       | 3| SUCCESS|         99|         98|         33|     0.05|     0.22|    13.42|     4.04|    17.72|   377.18|     374313|        165|        196|         99|         81|  101141.44|  117505.00|     252.00|     389.33|
| stress_test/stress_test_04/input.txt       | 3| SUCCESS|        102|        101|         34|     0.05|     0.23|    14.58|     5.50|    20.35|   410.52|     408827|        170|        202|        102|        100|  105555.07|  121185.67|     259.67|     401.22|
| stress_test/stress_test_05/input.txt       | 3| SUCCESS|        105|        104|         35|     0.05|     0.25|    15.88|     4.86|    21.03|   438.69|     445404|        175|        208|        105|        104|  108754.29|  124761.33|     267.33|     413.11|
| stress_test/stress_test_06/input.txt       | 3| SUCCESS|        108|        107|         36|     0.06|     0.25|    17.23|     6.98|    24.51|   481.42|     484104|        180|        214|        108|        106|  111791.60|  128323.00|     275.00|     425.00|
| stress_test/stress_test_07/input.txt       | 3| SUCCESS|        111|        110|         37|     0.06|     0.26|    18.50|     6.35|    25.17|   506.07|     524987|        185|        220|        111|        106|  114666.99|  131870.67|     282.67|     436.89|
| stress_test/stress_test_08/input.txt       | 3| SUCCESS|        114|        113|         38|     0.06|     0.28|    19.95|     7.48|    27.77|   544.26|     568113|        190|        226|        114|        113|  118109.09|  135467.33|     290.33|     448.78|
| stress_test/stress_test_09/input.txt       | 3| SUCCESS|        117|        116|         39|     0.07|     0.29|    21.75|     8.58|    30.69|   590.61|     613542|        195|        232|        117|        108|  120579.68|  138980.00|     298.00|     460.67|
| stress_test/stress_test_10/input.txt       | 3| SUCCESS|        120|        119|         40|     0.07|     0.31|    23.52|     8.66|    32.56|   626.07|     661334|        200|        238|        120|         89|  121916.83|  142394.67|     305.67|     472.56|
| stress_test/stress_test_11/input.txt       | 3| SUCCESS|        123|        122|         41|     0.07|     0.32|    25.15|     9.88|    35.43|   680.24|     711549|        205|        244|        123|        101|  125763.73|  146026.33|     313.33|     484.44|
| stress_test/stress_test_12/input.txt       | 3| SUCCESS|        126|        125|         42|     0.08|     0.37|    27.13|    10.48|    38.06|   727.86|     764247|        210|        250|        126|        124|  130501.20|  149735.00|     321.00|     496.33|
| stress_test/stress_test_13/input.txt       | 3| SUCCESS|        129|        128|         43|     0.08|     0.40|    29.56|    13.80|    43.85|   779.46|     819488|        215|        256|        129|         97|  131190.67|  153093.67|     328.67|     508.22|
| stress_test/stress_test_14/input.txt       | 3| SUCCESS|        132|        131|         44|     0.09|     0.39|    31.23|    12.26|    43.97|   830.93|     877332|        220|        262|        132|        114|  135442.37|  156760.33|     336.33|     520.11|
| stress_test/stress_test_15/input.txt       | 3| SUCCESS|        135|        134|         45|     0.09|     0.42|    32.79|    14.12|    47.42|   892.60|     937839|        225|        268|        135|        133|  139856.00|  160441.00|     344.00|     532.00|
| stress_test/stress_test_16/input.txt       | 3| SUCCESS|        138|        137|         46|     0.09|     0.43|    35.55|    12.56|    48.63|   925.00|    1001069|        230|        274|        138|        136|  142974.27|  164009.67|     351.67|     543.89|
| stress_test/stress_test_17/input.txt       | 3| SUCCESS|        141|        140|         47|     0.10|     0.45|    37.98|    15.71|    54.24|  1003.80|    1067082|        235|        280|        141|        134|  145687.73|  167543.33|     359.33|     555.78|
| stress_test/stress_test_18/input.txt       | 3| SUCCESS|        144|        143|         48|     0.10|     0.46|    40.28|    17.30|    58.15|  1070.81|    1135938|        240|        286|        144|        110|  146620.08|  170923.00|     367.00|     567.67|
| stress_test/stress_test_19/input.txt       | 3| SUCCESS|        147|        146|         49|     0.11|     0.49|    43.42|    22.35|    66.36|  1134.38|    1207697|        245|        292|        147|        143|  152167.15|  174701.67|     374.67|     579.56|
| stress_test/stress_test_20/input.txt       | 3| SUCCESS|        150|        149|         50|     0.11|     0.51|    45.40|    22.96|    68.99|  1233.27|    1282419|        250|        298|        150|        145|  155204.45|  178263.33|     382.33|     591.44|
| stress_test/stress_test_21/input.txt       | 3| SUCCESS|        153|        152|         51|     0.12|     0.52|    48.21|    25.74|    74.59|  1293.40|    1360164|        255|        304|        153|        150|  158484.64|  181846.00|     390.00|     603.33|
| stress_test/stress_test_22/input.txt       | 3| SUCCESS|        156|        155|         52|     0.12|     0.55|    50.74|    24.43|    75.85|  1378.91|    1440992|        260|        310|        156|        155|  161764.83|  185428.67|     397.67|     615.22|
| stress_test/stress_test_23/input.txt       | 3| SUCCESS|        159|        158|         53|     0.13|     0.62|    54.44|    32.01|    87.20|  1448.78|    1524963|        265|        316|        159|        158|  164883.09|  188997.33|     405.33|     627.11|
| stress_test/stress_test_24/input.txt       | 3| SUCCESS|        162|        161|         54|     0.14|     0.64|    57.19|    34.55|    92.52|  1532.71|    1612137|        270|        322|        162|        148|  166948.88|  192475.00|     413.00|     639.00|
| stress_test/stress_test_25/input.txt       | 3| SUCCESS|        165|        164|         55|     0.14|     0.65|    60.53|    35.68|    97.00|  1623.66|    1702574|        275|        328|        165|        115|  167152.59|  195791.67|     420.67|     650.89|
| stress_test/stress_test_26/input.txt       | 3| SUCCESS|        168|        167|         56|     0.14|     0.69|    64.04|    46.23|   111.10|  1645.89|    1796334|        280|        334|        168|        167|  174237.89|  199703.33|     428.33|     662.78|
| stress_test/stress_test_27/input.txt       | 3| SUCCESS|        171|        170|         57|     0.17|     0.74|    67.98|    40.46|   109.35|  1775.70|    1893477|        285|        340|        171|        125|  173712.96|  202957.00|     436.00|     674.67|
| stress_test/stress_test_28/input.txt       | 3| SUCCESS|        174|        173|         58|     0.17|     0.75|    71.42|    39.03|   111.37|  1801.84|    1994063|        290|        346|        174|        126|  176669.31|  206511.67|     443.67|     686.56|
| stress_test/stress_test_29/input.txt       | 3| SUCCESS|        177|        176|         59|     0.17|     0.76|    75.21|    31.75|   107.88|  1939.50|    2098152|        295|        352|        177|        127|  179625.65|  210066.33|     451.33|     698.44|
| stress_test/stress_test_30/input.txt       | 3| SUCCESS|        180|        179|         60|     0.17|     0.76|    79.42|    63.06|   143.41|  2045.45|    2205804|        300|        358|        180|        136|  183229.68|  213677.00|     459.00|     710.33|
| stress_test/stress_test_31/input.txt       | 3| SUCCESS|        183|        182|         61|     0.17|     0.78|    82.02|    96.34|   179.31|  2127.61|    2317079|        305|        364|        183|        179|  189586.35|  217525.67|     466.67|     722.22|
| stress_test/stress_test_32/input.txt       | 3| SUCCESS|        186|        185|         62|     0.20|     0.98|    88.74|    33.59|   123.51|  2143.02|    2432037|        310|        370|        186|        185|  192947.49|  221115.33|     474.33|     734.11|
| stress_test/stress_test_33/input.txt       | 3| SUCCESS|        189|        188|         63|     0.18|     0.89|    90.12|    58.24|   149.44|  2253.77|    2550738|        315|        376|        189|        144|  192503.52|  224376.00|     482.00|     746.00|
| stress_test/stress_test_34/input.txt       | 3| SUCCESS|        192|        191|         64|     0.19|     0.92|    94.29|   131.57|   226.97|  2369.03|    2673242|        320|        382|        192|        135|  194650.27|  227860.67|     489.67|     757.89|
| stress_test/stress_test_35/input.txt       | 3| SUCCESS|        195|        194|         65|     0.21|     1.02|    98.44|    72.90|   172.56|  2484.36|    2799609|        325|        388|        195|        191|  202059.41|  231800.33|     497.33|     769.78|
| stress_test/stress_test_36/input.txt       | 3| SUCCESS|        198|        197|         66|     0.20|     1.02|   104.76|    71.76|   177.74|  2630.79|    2929899|        330|        394|        198|        194|  205177.68|  235369.00|     505.00|     781.67|
| stress_test/stress_test_37/input.txt       | 3| SUCCESS|        201|        200|         67|     0.21|     1.02|   109.23|    46.36|   156.83|  2689.93|    3064172|        335|        400|        201|        154|  204814.67|  238636.67|     512.67|     793.56|
| stress_test/stress_test_38/input.txt       | 3| SUCCESS|        204|        203|         68|     0.21|     1.02|   112.15|    89.87|   203.26|  2812.40|    3202488|        340|        406|        204|        166|  208661.57|  242268.33|     520.33|     805.44|
| stress_test/stress_test_39/input.txt       | 3| SUCCESS|        207|        206|         69|     0.26|     1.04|   117.66|    96.64|   215.59|  2947.05|    3344907|        345|        412|        207|        206|  214775.36|  246096.00|     528.00|     817.33|
| stress_test/stress_test_40/input.txt       | 3| SUCCESS|        210|        209|         70|     0.23|     1.18|   121.85|    50.67|   173.93|  3059.37|    3491489|        350|        418|        210|        160|  213926.59|  249321.67|     535.67|     829.22|
| stress_test/stress_test_41/input.txt       | 3| SUCCESS|        213|        212|         71|     0.24|     1.17|   129.72|    93.62|   224.75|  3232.19|    3642294|        355|        424|        213|        202|  220202.29|  253163.33|     543.33|     841.11|
| stress_test/stress_test_42/input.txt       | 3| SUCCESS|        216|        215|         72|     0.25|     1.25|   134.05|   112.62|   248.16|  3320.66|    3797382|        360|        430|        216|        196|  222591.92|  256669.00|     551.00|     853.00|
| stress_test/stress_test_43/input.txt       | 3| SUCCESS|        219|        218|         73|     0.26|     1.27|   138.79|   137.77|   278.09|  3522.14|    3956813|        365|        436|        219|        215|  227005.55|  260349.67|     558.67|     864.89|
| stress_test/stress_test_44/input.txt       | 3| SUCCESS|        222|        221|         74|     0.31|     1.46|   147.37|   131.94|   281.08|  3610.45|    4120647|        370|        442|        222|        171|  226318.69|  263589.33|     566.33|     876.78|
| stress_test/stress_test_45/input.txt       | 3| SUCCESS|        225|        224|         75|     0.30|     1.38|   149.79|   102.11|   253.58|  3530.12|    4288944|        375|        448|        225|        179|  229841.76|  267193.00|     574.00|     888.67|
| stress_test/stress_test_46/input.txt       | 3| SUCCESS|        228|        227|         76|     0.29|     1.37|   155.69|    57.27|   214.61|  3781.37|    4461764|        380|        454|        228|        227|  236603.23|  271076.67|     581.67|     900.56|
| stress_test/stress_test_47/input.txt       | 3| SUCCESS|        231|        230|         77|     0.31|     1.31|   160.69|    61.48|   223.79|  3966.46|    4639167|        385|        460|        231|        229|  239640.53|  274638.33|     589.33|     912.44|
| stress_test/stress_test_48/input.txt       | 3| SUCCESS|        234|        233|         78|     0.32|     1.34|   169.51|    64.90|   236.07|  3951.23|    4821213|        390|        466|        234|        230|  242596.88|  278193.00|     597.00|     924.33|
| stress_test/stress_test_49/input.txt       | 3| SUCCESS|        237|        236|         79|     0.32|     1.49|   175.74|    67.63|   245.18|  4098.88|    5007962|        395|        472|        237|        234|  245796.11|  281768.67|     604.67|     936.22|
DONE
