START
| stress_test/stress_test_00/input.txt       | 1| SUCCESS|         90|         89|         30|     0.04|     0.18|     9.95|    34.37|    44.54|   317.14|     282549|        150|        178|         60|         59|   81688.48|  102730.12|     622.71|     523.12|
| stress_test/stress_test_01/input.txt       | 1| SUCCESS|         93|         92|         31|     0.04|     0.19|    10.97|    14.16|    25.36|   336.66|     311234|        155|        184|         62|         61|   84421.88|  106163.59|     643.53|     540.59|
| stress_test/stress_test_02/input.txt       | 1| SUCCESS|         96|         95|         32|     0.04|     0.20|    12.01|    20.64|    32.89|   364.27|     341802|        160|        190|         64|         63|   87155.28|  109597.06|     664.35|     558.06|
| stress_test/stress_test_03/input.txt       | 1| SUCCESS|         99|         98|         33|     0.05|     0.21|    13.28|    15.36|    28.91|   399.92|     374313|        165|        196|         66|         65|   89888.68|  113030.53|     685.18|     575.53|
| stress_test/stress_test_04/input.txt       | 1| SUCCESS|        102|        101|         34|     0.05|     0.22|    14.36|    32.26|    46.89|   430.05|     408827|        170|        202|         68|         67|   92622.08|  116464.00|     706.00|     593.00|
| stress_test/stress_test_05/input.txt       | 1| SUCCESS|        105|        104|         35|     0.05|     0.24|    15.77|     8.60|    24.67|   452.91|     445404|        175|        208|         70|         69|   95355.48|  119897.47|     726.82|     610.47|
| stress_test/stress_test_06/input.txt       | 1| SUCCESS|        108|        107|         36|     0.06|     0.25|    17.09|    39.81|    57.20|   487.93|     484104|        180|        214|         72|         71|   98088.88|  123330.94|     747.65|     627.94|
| stress_test/stress_test_07/input.txt       | 1| SUCCESS|        111|        110|         37|     0.06|     0.26|    18.65|    32.56|    51.53|   526.36|     524987|        185|        220|         74|         73|  100822.28|  126764.41|     768.47|     645.41|
| stress_test/stress_test_08/input.txt       | 1| SUCCESS|        114|        113|         38|     0.06|     0.28|    20.10|    29.77|    50.21|   564.12|     568113|        190|        226|         76|         75|  103555.68|  130197.88|     789.29|     662.88|
| stress_test/stress_test_09/input.txt       | 1| SUCCESS|        117|        116|         39|     0.07|     0.29|    21.82|    82.20|   104.38|   621.83|     613542|        195|        232|         78|         77|  106289.09|  133631.35|     810.12|     680.35|
| stress_test/stress_test_10/input.txt       | 1| SUCCESS|        120|        119|         40|     0.07|     0.30|    23.14|   107.59|   131.11|   668.80|     661334|        200|        238|         80|         79|  109022.49|  137064.82|     830.94|     697.82|
| stress_test/stress_test_11/input.txt       | 1| SUCCESS|        123|        122|         41|     0.07|     0.32|    25.55|    37.28|    63.22|   699.90|     711549|        205|        244|         82|         81|  111755.89|  140498.29|     851.76|     715.29|
| stress_test/stress_test_12/input.txt       | 1| SUCCESS|        126|        125|         42|     0.08|     0.38|    27.42|    44.50|    72.37|   752.42|     764247|        210|        250|         84|         83|  114489.29|  143931.76|     872.59|     732.76|
| stress_test/stress_test_13/input.txt       | 1| SUCCESS|        129|        128|         43|     0.08|     0.39|    28.85|    47.00|    76.32|   832.38|     819488|        215|        256|         86|         85|  117222.69|  147365.24|     893.41|     750.24|
| stress_test/stress_test_14/input.txt       | 1| SUCCESS|        132|        131|         44|     0.09|     0.40|    30.98|   192.36|   223.83|   858.81|     877332|        220|        262|         88|         87|  119956.09|  150798.71|     914.24|     767.71|
| stress_test/stress_test_15/input.txt       | 1| SUCCESS|        135|        134|         45|     0.11|     0.49|    36.35|    82.88|   119.82|   913.45|     937839|        225|        268|         90|         89|  122689.49|  154232.18|     935.06|     785.18|
| stress_test/stress_test_16/input.txt       | 1| SUCCESS|        138|        137|         46|     0.09|     0.45|    36.23|   102.15|   138.93|   970.07|    1001069|        230|        274|         92|         91|  125422.89|  157665.65|     955.88|     802.65|
| stress_test/stress_test_17/input.txt       | 1| SUCCESS|        141|        140|         47|     0.12|     0.52|    40.39|    52.99|    94.01|  1037.38|    1067082|        235|        280|         94|         93|  128156.30|  161099.12|     976.71|     820.12|
| stress_test/stress_test_18/input.txt       | 1| SUCCESS|        144|        143|         48|     0.10|     0.49|    40.62|    43.58|    84.78|  1078.22|    1135938|        240|        286|         96|         95|  130889.70|  164532.59|     997.53|     837.59|
| stress_test/stress_test_19/input.txt       | 1| SUCCESS|        147|        146|         49|     0.11|     0.49|    42.75|   210.69|   254.03|  1170.21|    1207697|        245|        292|         98|         97|  133623.10|  167966.06|    1018.35|     855.06|
| stress_test/stress_test_20/input.txt       | 1| SUCCESS|        150|        149|         50|     0.13|     0.61|    49.35|   218.07|   268.16|  1248.54|    1282419|        250|        298|        100|         99|  136356.50|  171399.53|    1039.18|     872.53|
| stress_test/stress_test_21/input.txt       | 1| SUCCESS|        153|        152|         51|     0.13|     0.64|    49.89|   127.59|   178.24|  1301.81|    1360164|        255|        304|        102|        101|  139089.90|  174833.00|    1060.00|     890.00|
| stress_test/stress_test_22/input.txt       | 1| SUCCESS|        156|        155|         52|     0.16|     0.66|    54.32|   136.62|   191.76|  1338.66|    1440992|        260|        310|        104|        103|  141823.30|  178266.47|    1080.82|     907.47|
| stress_test/stress_test_23/input.txt       | 1| SUCCESS|        159|        158|         53|     0.15|     0.73|    56.74|   295.24|   352.85|  1405.52|    1524963|        265|        316|        106|        105|  144556.70|  181699.94|    1101.65|     924.94|
| stress_test/stress_test_24/input.txt       | 1| SUCCESS|        162|        161|         54|     0.15|     0.74|    58.62|   189.78|   249.28|  1487.61|    1612137|        270|        322|        108|        107|  147290.10|  185133.41|    1122.47|     942.41|
| stress_test/stress_test_25/input.txt       | 1| SUCCESS|        165|        164|         55|     0.17|     0.75|    62.36|   391.31|   454.58|  1568.87|    1702574|        275|        328|        110|        109|  150023.50|  188566.88|    1143.29|     959.88|
| stress_test/stress_test_26/input.txt       | 1| SUCCESS|        168|        167|         56|     0.19|     0.85|    66.56|   461.74|   529.34|  1699.05|    1796334|        280|        334|        112|        111|  152756.91|  192000.35|    1164.12|     977.35|
| stress_test/stress_test_27/input.txt       | 1| SUCCESS|        171|        170|         57|     0.19|     0.86|    70.32|   406.56|   477.92|  1791.36|    1893477|        285|        340|        114|        113|  155490.31|  195433.82|    1184.94|     994.82|
| stress_test/stress_test_28/input.txt       | 1| SUCCESS|        174|        173|         58|     0.18|     0.83|    72.01|   580.93|   653.94|  1876.58|    1994063|        290|        346|        116|        115|  158223.71|  198867.29|    1205.76|    1012.29|
| stress_test/stress_test_29/input.txt       | 1| SUCCESS|        177|        176|         59|     0.18|     0.86|    77.37|   103.34|   181.75|  1896.38|    2098152|        295|        352|        118|        117|  160957.11|  202300.76|    1226.59|    1029.76|
| stress_test/stress_test_30/input.txt       | 1| SUCCESS|        180|        179|         60|     0.17|     0.79|    77.58|   511.95|   590.49|  1987.98|    2205804|        300|        358|        120|        119|  163690.51|  205734.24|    1247.41|    1047.24|
| stress_test/stress_test_31/input.txt       | 1| SUCCESS|        183|        182|         61|     0.21|     0.98|    85.50|   474.30|   560.99|  2155.60|    2317079|        305|        364|        122|        121|  166423.91|  209167.71|    1268.24|    1064.71|
| stress_test/stress_test_32/input.txt       | 1| SUCCESS|        186|        185|         62|     0.23|     1.04|    88.34|    93.69|   183.29|  2187.89|    2432037|        310|        370|        124|        123|  169157.31|  212601.18|    1289.06|    1082.18|
| stress_test/stress_test_33/input.txt       | 1| SUCCESS|        189|        188|         63|     0.19|     0.89|    88.56|   417.85|   507.49|  2306.70|    2550738|        315|        376|        126|        125|  171890.71|  216034.65|    1309.88|    1099.65|
| stress_test/stress_test_34/input.txt       | 1| SUCCESS|        192|        191|         64|     0.24|     1.06|    95.70|   240.02|   337.02|  2469.62|    2673242|        320|        382|        128|        127|  174624.12|  219468.12|    1330.71|    1117.12|
| stress_test/stress_test_35/input.txt       | 1| SUCCESS|        195|        194|         65|     0.24|     1.06|    97.79|   591.38|   690.46|  2584.79|    2799609|        325|        388|        130|        129|  177357.52|  222901.59|    1351.53|    1134.59|
| stress_test/stress_test_36/input.txt       | 1| SUCCESS|        198|        197|         66|     0.24|     1.08|   103.52|   326.83|   431.68|  2651.24|    2929899|        330|        394|        132|        131|  180090.92|  226335.06|    1372.35|    1152.06|
| stress_test/stress_test_37/input.txt       | 1| SUCCESS|        201|        200|         67|     0.26|     1.26|   116.45|   104.49|   222.47|  2769.00|    3064172|        335|        400|        134|        133|  182824.32|  229768.53|    1393.18|    1169.53|
| stress_test/stress_test_38/input.txt       | 1| SUCCESS|        204|        203|         68|     0.25|     1.12|   114.22|  1079.78|  1195.36|  2852.24|    3202488|        340|        406|        136|        135|  185557.72|  233202.00|    1414.00|    1187.00|
| stress_test/stress_test_39/input.txt       | 1| SUCCESS|        207|        206|         69|     0.26|     1.24|   121.20|   937.16|  1059.85|  2966.98|    3344907|        345|        412|        138|        137|  188291.12|  236635.47|    1434.82|    1204.47|
| stress_test/stress_test_40/input.txt       | 1| SUCCESS|        210|        209|         70|     0.28|     1.30|   125.07|   125.02|   251.67|  3129.00|    3491489|        350|        418|        140|        139|  191024.52|  240068.94|    1455.65|    1221.94|
| stress_test/stress_test_41/input.txt       | 1| SUCCESS|        213|        212|         71|     0.24|     1.18|   129.15|   722.44|   853.00|  3223.59|    3642294|        355|        424|        142|        141|  193757.92|  243502.41|    1476.47|    1239.41|
| stress_test/stress_test_42/input.txt       | 1| SUCCESS|        216|        215|         72|     0.30|     1.34|   136.80|   934.15|  1072.60|  3384.38|    3797382|        360|        430|        144|        143|  196491.32|  246935.88|    1497.29|    1256.88|
| stress_test/stress_test_43/input.txt       | 1| SUCCESS|        219|        218|         73|     0.31|     1.48|   142.47|   735.03|   879.29|  3549.62|    3956813|        365|        436|        146|        145|  199224.73|  250369.35|    1518.12|    1274.35|
| stress_test/stress_test_44/input.txt       | 1| SUCCESS|        222|        221|         74|     0.31|     1.45|   147.32|   998.13|  1147.21|  3707.59|    4120647|        370|        442|        148|        147|  201958.13|  253802.82|    1538.94|    1291.82|
| stress_test/stress_test_45/input.txt       | 1| SUCCESS|        225|        224|         75|     0.34|     1.56|   153.48|   412.37|   567.75|  3601.92|    4288944|        375|        448|        150|        149|  204691.53|  257236.29|    1559.76|    1309.29|
| stress_test/stress_test_46/input.txt       | 1| SUCCESS|        228|        227|         76|     0.35|     1.56|   159.19|  1220.85|  1381.94|  3815.07|    4461764|        380|        454|        152|        151|  207424.93|  260669.76|    1580.59|    1326.76|
| stress_test/stress_test_47/input.txt       | 1| SUCCESS|        231|        230|         77|     0.35|     1.63|   168.91|  1492.14|  1663.03|  3954.89|    4639167|        385|        460|        154|        153|  210158.33|  264103.24|    1601.41|    1344.24|
| stress_test/stress_test_48/input.txt       | 1| SUCCESS|        234|        233|         78|     0.39|     1.57|   171.62|   713.99|   887.56|  4005.64|    4821213|        390|        466|        156|        155|  212891.73|  267536.71|    1622.24|    1361.71|
| stress_test/stress_test_49/input.txt       | 1| SUCCESS|        237|        236|         79|     0.35|     1.67|   184.11|  1888.66|  2074.79|  4089.16|    5007962|        395|        472|        158|        157|  215625.13|  270970.18|    1643.06|    1379.18|
| stress_test/stress_test_00/input.txt       | 2| SUCCESS|         90|         89|         30|     0.05|     0.22|    11.24|     5.55|    17.05|   299.07|     282549|        150|        178|         60|         59|   83761.40|   98902.12|     593.71|     581.12|
| stress_test/stress_test_01/input.txt       | 2| SUCCESS|         93|         92|         31|     0.04|     0.20|    11.26|     5.45|    16.96|   320.18|     311234|        155|        184|         62|         61|   86566.28|  102203.59|     613.53|     600.59|
| stress_test/stress_test_02/input.txt       | 2| SUCCESS|         96|         95|         32|     0.04|     0.20|    12.15|     8.32|    20.72|   345.28|     341802|        160|        190|         64|         63|   89371.16|  105505.06|     633.35|     620.06|
| stress_test/stress_test_03/input.txt       | 2| SUCCESS|         99|         98|         33|     0.05|     0.21|    13.23|    13.13|    26.62|   372.20|     374313|        165|        196|         66|         65|   92176.04|  108806.53|     653.18|     639.53|
| stress_test/stress_test_04/input.txt       | 2| SUCCESS|        102|        101|         34|     0.05|     0.23|    14.36|     4.97|    19.61|   404.69|     408827|        170|        202|         68|         67|   94980.92|  112108.00|     673.00|     659.00|
| stress_test/stress_test_05/input.txt       | 2| SUCCESS|        105|        104|         35|     0.05|     0.25|    15.92|     4.67|    20.89|   436.19|     445404|        175|        208|         70|         69|   97785.80|  115409.47|     692.82|     678.47|
| stress_test/stress_test_06/input.txt       | 2| SUCCESS|        108|        107|         36|     0.06|     0.25|    17.05|     8.29|    25.65|   468.78|     484104|        180|        214|         72|         71|  100590.68|  118710.94|     712.65|     697.94|
| stress_test/stress_test_07/input.txt       | 2| SUCCESS|        111|        110|         37|     0.06|     0.26|    18.44|    14.75|    33.51|   505.20|     524987|        185|        220|         74|         73|  103395.56|  122012.41|     732.47|     717.41|
| stress_test/stress_test_08/input.txt       | 2| SUCCESS|        114|        113|         38|     0.07|     0.29|    20.49|    14.17|    35.01|   544.74|     568113|        190|        226|         76|         75|  106200.44|  125313.88|     752.29|     736.88|
| stress_test/stress_test_09/input.txt       | 2| SUCCESS|        117|        116|         39|     0.07|     0.30|    21.63|    18.20|    40.20|   581.75|     613542|        195|        232|         78|         77|  109005.33|  128615.35|     772.12|     756.35|
| stress_test/stress_test_10/input.txt       | 2| SUCCESS|        120|        119|         40|     0.07|     0.31|    23.43|    31.10|    54.90|   627.30|     661334|        200|        238|         80|         79|  111810.21|  131916.82|     791.94|     775.82|
| stress_test/stress_test_11/input.txt       | 2| SUCCESS|        123|        122|         41|     0.07|     0.32|    25.34|    11.48|    37.22|   667.04|     711549|        205|        244|         82|         81|  114615.09|  135218.29|     811.76|     795.29|
| stress_test/stress_test_12/input.txt       | 2| SUCCESS|        126|        125|         42|     0.08|     0.37|    27.05|    11.46|    38.95|   710.02|     764247|        210|        250|         84|         83|  117419.97|  138519.76|     831.59|     814.76|
| stress_test/stress_test_13/input.txt       | 2| SUCCESS|        129|        128|         43|     0.08|     0.38|    28.87|    14.76|    44.08|   763.23|     819488|        215|        256|         86|         85|  120224.85|  141821.24|     851.41|     834.24|
| stress_test/stress_test_14/input.txt       | 2| SUCCESS|        132|        131|         44|     0.09|     0.39|    31.04|    17.46|    48.98|   814.32|     877332|        220|        262|         88|         87|  123029.73|  145122.71|     871.24|     853.71|
| stress_test/stress_test_15/input.txt       | 2| SUCCESS|        135|        134|         45|     0.09|     0.41|    32.90|    58.28|    91.68|   895.23|     937839|        225|        268|         90|         89|  125834.61|  148424.18|     891.06|     873.18|
| stress_test/stress_test_16/input.txt       | 2| SUCCESS|        138|        137|         46|     0.10|     0.44|    35.87|    21.20|    57.60|   950.03|    1001069|        230|        274|         92|         91|  128639.49|  151725.65|     910.88|     892.65|
| stress_test/stress_test_17/input.txt       | 2| SUCCESS|        141|        140|         47|     0.10|     0.45|    37.51|    23.27|    61.33|   998.22|    1067082|        235|        280|         94|         93|  131444.38|  155027.12|     930.71|     912.12|
| stress_test/stress_test_18/input.txt       | 2| SUCCESS|        144|        143|         48|     0.10|     0.48|    39.86|    25.55|    65.99|  1061.93|    1135938|        240|        286|         96|         95|  134249.26|  158328.59|     950.53|     931.59|
| stress_test/stress_test_19/input.txt       | 2| SUCCESS|        147|        146|         49|     0.11|     0.48|    42.56|    84.56|   127.71|  1133.64|    1207697|        245|        292|         98|         97|  137054.14|  161630.06|     970.35|     951.06|
| stress_test/stress_test_20/input.txt       | 2| SUCCESS|        150|        149|         50|     0.11|     0.54|    46.00|    71.74|   118.38|  1220.54|    1282419|        250|        298|        100|         99|  139859.02|  164931.53|     990.18|     970.53|
| stress_test/stress_test_21/input.txt       | 2| SUCCESS|        153|        152|         51|     0.12|     0.53|    48.72|    52.48|   101.85|  1285.45|    1360164|        255|        304|        102|        101|  142663.90|  168233.00|    1010.00|     990.00|
| stress_test/stress_test_22/input.txt       | 2| SUCCESS|        156|        155|         52|     0.12|     0.54|    51.00|   147.70|   199.36|  1375.86|    1440992|        260|        310|        104|        103|  145468.78|  171534.47|    1029.82|    1009.47|
| stress_test/stress_test_23/input.txt       | 2| SUCCESS|        159|        158|         53|     0.15|     0.68|    54.45|    55.67|   110.95|  1432.64|    1524963|        265|        316|        106|        105|  148273.66|  174835.94|    1049.65|    1028.94|
| stress_test/stress_test_24/input.txt       | 2| SUCCESS|        162|        161|         54|     0.13|     0.65|    57.75|    91.57|   150.10|  1518.96|    1612137|        270|        322|        108|        107|  151078.54|  178137.41|    1069.47|    1048.41|
| stress_test/stress_test_25/input.txt       | 2| SUCCESS|        165|        164|         55|     0.15|     0.68|    60.14|   187.27|   248.24|  1608.93|    1702574|        275|        328|        110|        109|  153883.42|  181438.88|    1089.29|    1067.88|
| stress_test/stress_test_26/input.txt       | 2| SUCCESS|        168|        167|         56|     0.18|     0.79|    66.03|   177.55|   244.55|  1621.86|    1796334|        280|        334|        112|        111|  156688.31|  184740.35|    1109.12|    1087.35|
| stress_test/stress_test_27/input.txt       | 2| SUCCESS|        171|        170|         57|     0.16|     0.76|    67.53|   141.84|   210.29|  1777.81|    1893477|        285|        340|        114|        113|  159493.19|  188041.82|    1128.94|    1106.82|
| stress_test/stress_test_28/input.txt       | 2| SUCCESS|        174|        173|         58|     0.18|     0.77|    71.57|   168.08|   240.59|  1804.43|    1994063|        290|        346|        116|        115|  162298.07|  191343.29|    1148.76|    1126.29|
| stress_test/stress_test_29/input.txt       | 2| SUCCESS|        177|        176|         59|     0.18|     0.80|    74.38|    41.97|   117.34|  1882.05|    2098152|        295|        352|        118|        117|  165102.95|  194644.76|    1168.59|    1145.76|
| stress_test/stress_test_30/input.txt       | 2| SUCCESS|        180|        179|         60|     0.16|     0.79|    77.40|   259.60|   337.95|  2046.01|    2205804|        300|        358|        120|        119|  167907.83|  197946.24|    1188.41|    1165.24|
| stress_test/stress_test_31/input.txt       | 2| SUCCESS|        183|        182|         61|     0.17|     0.80|    81.09|   246.61|   328.67|  2106.07|    2317079|        305|        364|        122|        121|  170712.71|  201247.71|    1208.24|    1184.71|
| stress_test/stress_test_32/input.txt       | 2| SUCCESS|        186|        185|         62|     0.22|     1.01|    86.17|    36.39|   123.79|  2142.21|    2432037|        310|        370|        124|        123|  173517.59|  204549.18|    1228.06|    1204.18|
| stress_test/stress_test_33/input.txt       | 2| SUCCESS|        189|        188|         63|     0.18|     0.89|    88.48|   182.11|   271.65|  2258.11|    2550738|        315|        376|        126|        125|  176322.47|  207850.65|    1247.88|    1223.65|
| stress_test/stress_test_34/input.txt       | 2| SUCCESS|        192|        191|         64|     0.19|     0.94|    92.72|   132.89|   226.74|  2351.77|    2673242|        320|        382|        128|        127|  179127.36|  211152.12|    1267.71|    1243.12|
| stress_test/stress_test_35/input.txt       | 2| SUCCESS|        195|        194|         65|     0.19|     0.96|    98.23|   260.24|   359.63|  2459.73|    2799609|        325|        388|        130|        129|  181932.24|  214453.59|    1287.53|    1262.59|
| stress_test/stress_test_36/input.txt       | 2| SUCCESS|        198|        197|         66|     0.23|     1.06|   102.32|   115.81|   219.42|  2631.41|    2929899|        330|        394|        132|        131|  184737.12|  217755.06|    1307.35|    1282.06|
| stress_test/stress_test_37/input.txt       | 2| SUCCESS|        201|        200|         67|     0.21|     1.00|   106.86|    55.19|   163.25|  2694.89|    3064172|        335|        400|        134|        133|  187542.00|  221056.53|    1327.18|    1301.53|
| stress_test/stress_test_38/input.txt       | 2| SUCCESS|        204|        203|         68|     0.21|     1.01|   113.65|   782.29|   897.16|  2815.26|    3202488|        340|        406|        136|        135|  190346.88|  224358.00|    1347.00|    1321.00|
| stress_test/stress_test_39/input.txt       | 2| SUCCESS|        207|        206|         69|     0.30|     1.26|   125.62|   264.19|   391.36|  2939.49|    3344907|        345|        412|        138|        137|  193151.76|  227659.47|    1366.82|    1340.47|
| stress_test/stress_test_40/input.txt       | 2| SUCCESS|        210|        209|         70|     0.25|     1.27|   126.60|    55.49|   183.61|  3060.48|    3491489|        350|        418|        140|        139|  195956.64|  230960.94|    1386.65|    1359.94|
| stress_test/stress_test_41/input.txt       | 2| SUCCESS|        213|        212|         71|     0.23|     1.18|   128.72|   257.66|   387.80|  3243.54|    3642294|        355|        424|        142|        141|  198761.52|  234262.41|    1406.47|    1379.41|
| stress_test/stress_test_42/input.txt       | 2| SUCCESS|        216|        215|         72|     0.29|     1.34|   134.05|  1037.02|  1172.70|  3327.70|    3797382|        360|        430|        144|        143|  201566.40|  237563.88|    1426.29|    1398.88|
| stress_test/stress_test_43/input.txt       | 2| SUCCESS|        219|        218|         73|     0.33|     1.48|   141.63|  1139.90|  1283.34|  3516.24|    3956813|        365|        436|        146|        145|  204371.29|  240865.35|    1446.12|    1418.35|
| stress_test/stress_test_44/input.txt       | 2| SUCCESS|        222|        221|         74|     0.35|     1.55|   147.37|   333.01|   482.28|  3600.86|    4120647|        370|        442|        148|        147|  207176.17|  244166.82|    1465.94|    1437.82|
| stress_test/stress_test_45/input.txt       | 2| SUCCESS|        225|        224|         75|     0.32|     1.47|   151.71|   232.95|   386.45|  3490.18|    4288944|        375|        448|        150|        149|  209981.05|  247468.29|    1485.76|    1457.29|
| stress_test/stress_test_46/input.txt       | 2| SUCCESS|        228|        227|         76|     0.29|     1.37|   160.26|   218.22|   380.14|  3799.03|    4461764|        380|        454|        152|        151|  212785.93|  250769.76|    1505.59|    1476.76|
| stress_test/stress_test_47/input.txt       | 2| SUCCESS|        231|        230|         77|     0.30|     1.32|   165.18|   136.45|   303.24|  3955.99|    4639167|        385|        460|        154|        153|  215590.81|  254071.24|    1525.41|    1496.24|
| stress_test/stress_test_48/input.txt       | 2| SUCCESS|        234|        233|         78|     0.30|     1.34|   170.30|   108.66|   280.60|  3968.51|    4821213|        390|        466|        156|        155|  218395.69|  257372.71|    1545.24|    1515.71|
| stress_test/stress_test_49/input.txt       | 2| SUCCESS|        237|        236|         79|     0.32|     1.48|   176.08|   129.68|   307.56|  4134.44|    5007962|        395|        472|        158|        157|  221200.57|  260674.18|    1565.06|    1535.18|
| stress_test/stress_test_00/input.txt       | 3| SUCCESS|         90|         89|         30|     0.04|     0.18|     9.92|     3.09|    13.23|   296.66|     282549|        150|        178|         90|         82|   92596.24|  106869.00|     229.00|     353.67|
| stress_test/stress_test_01/input.txt       | 3| SUCCESS|         93|         92|         31|     0.04|     0.19|    11.04|     3.60|    14.87|   324.90|     311234|        155|        184|         93|         71|   94581.07|  110339.67|     236.67|     365.56|
| stress_test/stress_test_02/input.txt       | 3| SUCCESS|         96|         95|         32|     0.04|     0.20|    12.00|     4.33|    16.58|   350.45|     341802|        160|        190|         96|         77|   97942.21|  113929.33|     244.33|     377.44|
| stress_test/stress_test_03/input.txt       | 3| SUCCESS|         99|         98|         33|     0.05|     0.21|    13.17|     4.04|    17.47|   376.10|     374313|        165|        196|         99|         81|  101141.44|  117505.00|     252.00|     389.33|
| stress_test/stress_test_04/input.txt       | 3| SUCCESS|        102|        101|         34|     0.05|     0.22|    14.35|     5.46|    20.08|   408.89|     408827|        170|        202|        102|        100|  105555.07|  121185.67|     259.67|     401.22|
| stress_test/stress_test_05/input.txt       | 3| SUCCESS|        105|        104|         35|     0.06|     0.24|    15.83|     4.83|    20.96|   437.05|     445404|        175|        208|        105|        104|  108754.29|  124761.33|     267.33|     413.11|
| stress_test/stress_test_06/input.txt       | 3| SUCCESS|        108|        107|         36|     0.06|     0.26|    17.48|     7.00|    24.80|   475.93|     484104|        180|        214|        108|        106|  111791.60|  128323.00|     275.00|     425.00|
| stress_test/stress_test_07/input.txt       | 3| SUCCESS|        111|        110|         37|     0.06|     0.26|    18.03|     6.36|    24.71|   508.04|     524987|        185|        220|        111|        106|  114666.99|  131870.67|     282.67|     436.89|
| stress_test/stress_test_08/input.txt       | 3| SUCCESS|        114|        113|         38|     0.06|     0.29|    20.72|     7.48|    28.55|   543.80|     568113|        190|        226|        114|        113|  118109.09|  135467.33|     290.33|     448.78|
| stress_test/stress_test_09/input.txt       | 3| SUCCESS|        117|        116|         39|     0.07|     0.29|    21.71|     8.63|    30.70|   590.28|     613542|        195|        232|        117|        108|  120579.68|  138980.00|     298.00|     460.67|
| stress_test/stress_test_10/input.txt       | 3| SUCCESS|        120|        119|         40|     0.07|     0.31|    23.77|     8.67|    32.82|   625.71|     661334|        200|        238|        120|         89|  121916.83|  142394.67|     305.67|     472.56|
| stress_test/stress_test_11/input.txt       | 3| SUCCESS|        123|        122|         41|     0.07|     0.34|    25.83|     9.96|    36.20|   679.19|     711549|        205|        244|        123|        101|  125763.73|  146026.33|     313.33|     484.44|
| stress_test/stress_test_12/input.txt       | 3| SUCCESS|        126|        125|         42|     0.08|     0.40|    28.51|    10.48|    39.47|   723.85|     764247|        210|        250|        126|        124|  130501.20|  149735.00|     321.00|     496.33|
| stress_test/stress_test_13/input.txt       | 3| SUCCESS|        129|        128|         43|     0.08|     0.40|    29.68|    13.76|    43.91|   776.85|     819488|        215|        256|        129|         97|  131190.67|  153093.67|     328.67|     508.22|
| stress_test/stress_test_14/input.txt       | 3| SUCCESS|        132|        131|         44|     0.09|     0.39|    30.77|    12.26|    43.51|   828.64|     877332|        220|        262|        132|        114|  135442.37|  156760.33|     336.33|     520.11|
| stress_test/stress_test_15/input.txt       | 3| SUCCESS|        135|        134|         45|     0.09|     0.41|    32.88|    19.55|    52.93|   893.04|     937839|        225|        268|        135|        133|  139856.00|  160441.00|     344.00|     532.00|
| stress_test/stress_test_16/input.txt       | 3| SUCCESS|        138|        137|         46|     0.09|     0.43|    35.60|    17.86|    53.98|   926.85|    1001069|        230|        274|        138|        136|  142974.27|  164009.67|     351.67|     543.89|
| stress_test/stress_test_17/input.txt       | 3| SUCCESS|        141|        140|         47|     0.10|     0.44|    37.74|    22.01|    60.29|  1005.81|    1067082|        235|        280|        141|        134|  145687.73|  167543.33|     359.33|     555.78|
| stress_test/stress_test_18/input.txt       | 3| SUCCESS|        144|        143|         48|     0.10|     0.47|    40.49|    23.56|    64.62|  1070.20|    1135938|        240|        286|        144|        110|  146620.08|  170923.00|     367.00|     567.67|
| stress_test/stress_test_19/input.txt       | 3| SUCCESS|        147|        146|         49|     0.11|     0.48|    42.79|    33.52|    76.89|  1136.15|    1207697|        245|        292|        147|        143|  152167.15|  174701.67|     374.67|     579.56|
| stress_test/stress_test_20/input.txt       | 3| SUCCESS|        150|        149|         50|     0.11|     0.51|    45.40|    34.08|    80.10|  1233.69|    1282419|        250|        298|        150|        145|  155204.45|  178263.33|     382.33|     591.44|
| stress_test/stress_test_21/input.txt       | 3| SUCCESS|        153|        152|         51|     0.12|     0.53|    48.32|    39.70|    88.67|  1289.45|    1360164|        255|        304|        153|        150|  158484.64|  181846.00|     390.00|     603.33|
| stress_test/stress_test_22/input.txt       | 3| SUCCESS|        156|        155|         52|     0.12|     0.55|    51.06|    35.74|    87.47|  1374.78|    1440992|        260|        310|        156|        155|  161764.83|  185428.67|     397.67|     615.22|
| stress_test/stress_test_23/input.txt       | 3| SUCCESS|        159|        158|         53|     0.13|     0.62|    53.51|    50.43|   104.68|  1446.45|    1524963|        265|        316|        159|        158|  164883.09|  188997.33|     405.33|     627.11|
| stress_test/stress_test_24/input.txt       | 3| SUCCESS|        162|        161|         54|     0.13|     0.64|    56.99|    57.21|   114.97|  1533.69|    1612137|        270|        322|        162|        148|  166948.88|  192475.00|     413.00|     639.00|
| stress_test/stress_test_25/input.txt       | 3| SUCCESS|        165|        164|         55|     0.14|     0.66|    60.34|    54.63|   115.76|  1616.82|    1702574|        275|        328|        165|        115|  167152.59|  195791.67|     420.67|     650.89|
| stress_test/stress_test_26/input.txt       | 3| SUCCESS|        168|        167|         56|     0.14|     0.69|    64.58|    74.92|   140.33|  1639.55|    1796334|        280|        334|        168|        167|  174237.89|  199703.33|     428.33|     662.78|
| stress_test/stress_test_27/input.txt       | 3| SUCCESS|        171|        170|         57|     0.15|     0.69|    67.29|    62.64|   130.76|  1777.88|    1893477|        285|        340|        171|        125|  173712.96|  202957.00|     436.00|     674.67|
| stress_test/stress_test_28/input.txt       | 3| SUCCESS|        174|        173|         58|     0.15|     0.72|    70.86|    59.54|   131.27|  1805.07|    1994063|        290|        346|        174|        126|  176669.31|  206511.67|     443.67|     686.56|
| stress_test/stress_test_29/input.txt       | 3| SUCCESS|        177|        176|         59|     0.16|     0.73|    72.75|    44.68|   118.32|  1940.45|    2098152|        295|        352|        177|        127|  179625.65|  210066.33|     451.33|     698.44|
| stress_test/stress_test_30/input.txt       | 3| SUCCESS|        180|        179|         60|     0.16|     0.76|    77.52|   105.49|   183.93|  2041.14|    2205804|        300|        358|        180|        136|  183229.68|  213677.00|     459.00|     710.33|
| stress_test/stress_test_31/input.txt       | 3| SUCCESS|        183|        182|         61|     0.17|     0.79|    81.72|   171.65|   254.32|  2125.88|    2317079|        305|        364|        183|        179|  189586.35|  217525.67|     466.67|     722.22|
| stress_test/stress_test_32/input.txt       | 3| SUCCESS|        186|        185|         62|     0.17|     0.87|    84.55|    44.40|   129.99|  2141.57|    2432037|        310|        370|        186|        185|  192947.49|  221115.33|     474.33|     734.11|
| stress_test/stress_test_33/input.txt       | 3| SUCCESS|        189|        188|         63|     0.18|     0.89|    89.82|    92.35|   183.24|  2252.64|    2550738|        315|        376|        189|        144|  192503.52|  224376.00|     482.00|     746.00|
| stress_test/stress_test_34/input.txt       | 3| SUCCESS|        192|        191|         64|     0.19|     0.92|    92.15|   235.99|   329.24|  2369.18|    2673242|        320|        382|        192|        135|  194650.27|  227860.67|     489.67|     757.89|
| stress_test/stress_test_35/input.txt       | 3| SUCCESS|        195|        194|         65|     0.19|     0.95|    98.28|   116.61|   216.03|  2484.98|    2799609|        325|        388|        195|        191|  202059.41|  231800.33|     497.33|     769.78|
| stress_test/stress_test_36/input.txt       | 3| SUCCESS|        198|        197|         66|     0.20|     0.97|   103.77|   114.64|   219.57|  2631.34|    2929899|        330|        394|        198|        194|  205177.68|  235369.00|     505.00|     781.67|
| stress_test/stress_test_37/input.txt       | 3| SUCCESS|        201|        200|         67|     0.20|     0.99|   108.87|    63.01|   173.07|  2691.64|    3064172|        335|        400|        201|        154|  204814.67|  238636.67|     512.67|     793.56|
| stress_test/stress_test_38/input.txt       | 3| SUCCESS|        204|        203|         68|     0.22|     1.01|   114.03|   149.35|   264.61|  2815.89|    3202488|        340|        406|        204|        166|  208661.57|  242268.33|     520.33|     805.44|
| stress_test/stress_test_39/input.txt       | 3| SUCCESS|        207|        206|         69|     0.23|     1.04|   118.57|   157.92|   277.76|  2949.34|    3344907|        345|        412|        207|        206|  214775.36|  246096.00|     528.00|     817.33|
| stress_test/stress_test_40/input.txt       | 3| SUCCESS|        210|        209|         70|     0.23|     1.17|   123.17|    69.11|   193.67|  3056.62|    3491489|        350|        418|        210|        160|  213926.59|  249321.67|     535.67|     829.22|
| stress_test/stress_test_41/input.txt       | 3| SUCCESS|        213|        212|         71|     0.25|     1.18|   128.21|   152.92|   282.55|  3243.94|    3642294|        355|        424|        213|        202|  220202.29|  253163.33|     543.33|     841.11|
| stress_test/stress_test_42/input.txt       | 3| SUCCESS|        216|        215|         72|     0.25|     1.22|   133.54|   188.98|   323.99|  3320.39|    3797382|        360|        430|        216|        196|  222591.92|  256669.00|     551.00|     853.00|
| stress_test/stress_test_43/input.txt       | 3| SUCCESS|        219|        218|         73|     0.25|     1.30|   141.79|   237.53|   380.86|  3520.62|    3956813|        365|        436|        219|        215|  227005.55|  260349.67|     558.67|     864.89|
| stress_test/stress_test_44/input.txt       | 3| SUCCESS|        222|        221|         74|     0.26|     1.24|   144.28|   222.35|   368.13|  3613.32|    4120647|        370|        442|        222|        171|  226318.69|  263589.33|     566.33|     876.78|
| stress_test/stress_test_45/input.txt       | 3| SUCCESS|        225|        224|         75|     0.30|     1.34|   152.10|   163.67|   317.40|  3530.07|    4288944|        375|        448|        225|        179|  229841.76|  267193.00|     574.00|     888.67|
| stress_test/stress_test_46/input.txt       | 3| SUCCESS|        228|        227|         76|     0.28|     1.31|   158.16|    85.35|   245.10|  3777.43|    4461764|        380|        454|        228|        227|  236603.23|  271076.67|     581.67|     900.56|
| stress_test/stress_test_47/input.txt       | 3| SUCCESS|        231|        230|         77|     0.30|     1.34|   163.87|    89.31|   254.82|  3966.30|    4639167|        385|        460|        231|        229|  239640.53|  274638.33|     589.33|     912.44|
| stress_test/stress_test_48/input.txt       | 3| SUCCESS|        234|        233|         78|     0.31|     1.33|   170.81|    96.08|   268.54|  3952.38|    4821213|        390|        466|        234|        230|  242596.88|  278193.00|     597.00|     924.33|
| stress_test/stress_test_49/input.txt       | 3| SUCCESS|        237|        236|         79|     0.32|     1.51|   178.06|    99.43|   279.31|  4101.58|    5007962|        395|        472|        237|        234|  245796.11|  281768.67|     604.67|     936.22|
| stress_test/stress_test_00/input.txt       | 4| SUCCESS|         90|         89|         30|     0.04|     0.18|     9.95|     2.97|    13.14|   295.91|     282549|        150|        178|         90|         87|   90956.54|  110732.00|     258.00|     295.67|
| stress_test/stress_test_01/input.txt       | 4| SUCCESS|         93|         92|         31|     0.04|     0.19|    10.97|     3.66|    14.87|   324.16|     311234|        155|        184|         93|         71|   92466.07|  114299.67|     266.67|     305.56|
| stress_test/stress_test_02/input.txt       | 4| SUCCESS|         96|         95|         32|     0.04|     0.20|    12.04|     4.17|    16.45|   354.36|     341802|        160|        190|         96|         77|   95756.71|  118021.33|     275.33|     315.44|
| stress_test/stress_test_03/input.txt       | 4| SUCCESS|         99|         98|         33|     0.05|     0.21|    13.15|     4.00|    17.41|   378.95|     374313|        165|        196|         99|         84|   99128.32|  121750.00|     284.00|     325.33|
| stress_test/stress_test_04/input.txt       | 4| SUCCESS|        102|        101|         34|     0.05|     0.22|    14.45|     5.29|    20.02|   413.75|     408827|        170|        202|        102|        100|  103228.57|  125541.67|     292.67|     335.22|
| stress_test/stress_test_05/input.txt       | 4| SUCCESS|        105|        104|         35|     0.05|     0.25|    16.46|     4.94|    21.71|   439.44|     445404|        175|        208|        105|         82|  104576.17|  129095.33|     301.33|     345.11|
| stress_test/stress_test_06/input.txt       | 4| SUCCESS|        108|        107|         36|     0.06|     0.26|    17.06|     6.08|    23.45|   478.54|     484104|        180|        214|        108|         99|  108757.38|  132894.00|     310.00|     355.00|
| stress_test/stress_test_07/input.txt       | 4| SUCCESS|        111|        110|         37|     0.06|     0.26|    18.45|     6.73|    25.51|   513.04|     524987|        185|        220|        111|         79|  109943.07|  136433.67|     318.67|     364.89|
| stress_test/stress_test_08/input.txt       | 4| SUCCESS|        114|        113|         38|     0.06|     0.28|    20.11|     6.70|    27.15|   543.75|     568113|        190|        226|        114|        110|  115257.71|  140330.33|     327.33|     374.78|
| stress_test/stress_test_09/input.txt       | 4| SUCCESS|        117|        116|         39|     0.07|     0.29|    21.70|     8.10|    30.16|   586.28|     613542|        195|        232|        117|         86|  116119.56|  143842.00|     336.00|     384.67|
| stress_test/stress_test_10/input.txt       | 4| SUCCESS|        120|        119|         40|     0.07|     0.30|    23.31|     8.62|    32.30|   624.53|     661334|        200|        238|        120|        117|  121434.21|  147738.67|     344.67|     394.56|
| stress_test/stress_test_11/input.txt       | 4| SUCCESS|        123|        122|         41|     0.07|     0.32|    25.26|     9.88|    35.54|   681.03|     711549|        205|        244|        123|        109|  123591.41|  151362.33|     353.33|     404.44|
| stress_test/stress_test_12/input.txt       | 4| SUCCESS|        126|        125|         42|     0.08|     0.37|    27.21|     9.59|    37.25|   718.13|     764247|        210|        250|        126|        125|  127691.66|  155154.00|     362.00|     414.33|
| stress_test/stress_test_13/input.txt       | 4| SUCCESS|        129|        128|         43|     0.08|     0.39|    29.40|    12.41|    42.28|   775.16|     819488|        215|        256|        129|        109|  129201.19|  158721.67|     370.67|     424.22|
| stress_test/stress_test_14/input.txt       | 4| SUCCESS|        132|        131|         44|     0.09|     0.40|    31.38|    12.61|    44.48|   816.07|     877332|        220|        262|        132|        131|  133787.19|  162555.33|     379.33|     434.11|
| stress_test/stress_test_15/input.txt       | 4| SUCCESS|        135|        134|         45|     0.09|     0.41|    33.03|    30.61|    64.15|   894.60|     937839|        225|        268|        135|        134|  136834.96|  166256.00|     388.00|     444.00|
| stress_test/stress_test_16/input.txt       | 4| SUCCESS|        138|        137|         46|     0.10|     0.44|    35.47|    17.90|    53.90|   924.89|    1001069|        230|        274|        138|        133|  139558.89|  169928.67|     396.67|     453.89|
| stress_test/stress_test_17/input.txt       | 4| SUCCESS|        141|        140|         47|     0.10|     0.45|    37.55|    24.63|    62.72|  1004.66|    1067082|        235|        280|        141|        116|  140987.45|  173489.33|     405.33|     463.78|
| stress_test/stress_test_18/input.txt       | 4| SUCCESS|        144|        143|         48|     0.10|     0.48|    40.31|    23.19|    64.08|  1070.16|    1135938|        240|        286|        144|        141|  145816.34|  177344.00|     414.00|     473.67|
| stress_test/stress_test_19/input.txt       | 4| SUCCESS|        147|        146|         49|     0.11|     0.49|    42.34|    36.51|    79.43|  1135.38|    1207697|        245|        292|        147|        145|  148945.07|  181051.67|     422.67|     483.56|
| stress_test/stress_test_20/input.txt       | 4| SUCCESS|        150|        149|         50|     0.11|     0.51|    45.34|    30.16|    76.11|  1233.85|    1282419|        250|        298|        150|        143|  151588.03|  184717.33|     431.33|     493.44|
| stress_test/stress_test_21/input.txt       | 4| SUCCESS|        153|        152|         51|     0.12|     0.52|    48.35|    34.21|    83.21|  1282.30|    1360164|        255|        304|        153|        138|  153988.12|  188362.00|     440.00|     503.33|
| stress_test/stress_test_22/input.txt       | 4| SUCCESS|        156|        155|         52|     0.12|     0.54|    51.35|    67.41|   119.42|  1369.72|    1440992|        260|        310|        156|        155|  158169.33|  192160.67|     448.67|     513.22|
| stress_test/stress_test_23/input.txt       | 4| SUCCESS|        159|        158|         53|     0.14|     0.63|    54.29|    45.29|   100.35|  1443.93|    1524963|        265|        316|        159|        113|  157573.89|  195546.33|     457.33|     523.11|
| stress_test/stress_test_24/input.txt       | 4| SUCCESS|        162|        161|         54|     0.13|     0.65|    57.30|    70.67|   128.75|  1535.06|    1612137|        270|        322|        162|        124|  161269.34|  199303.00|     466.00|     533.00|
| stress_test/stress_test_25/input.txt       | 4| SUCCESS|        165|        164|         55|     0.14|     0.65|    60.47|    64.29|   125.55|  1622.83|    1702574|        275|        328|        165|        164|  167312.63|  203262.67|     474.67|     542.89|
| stress_test/stress_test_26/input.txt       | 4| SUCCESS|        168|        167|         56|     0.14|     0.67|    64.00|    87.35|   152.16|  1645.70|    1796334|        280|        334|        168|        167|  170360.39|  206963.33|     483.33|     552.78|
| stress_test/stress_test_27/input.txt       | 4| SUCCESS|        171|        170|         57|     0.14|     0.71|    67.87|    60.76|   129.50|  1776.53|    1893477|        285|        340|        171|        121|  169441.12|  210321.00|     492.00|     562.67|
| stress_test/stress_test_28/input.txt       | 4| SUCCESS|        174|        173|         58|     0.15|     0.72|    70.00|    58.65|   129.52|  1809.77|    1994063|        290|        346|        174|        158|  175241.53|  214259.67|     500.67|     572.56|
| stress_test/stress_test_29/input.txt       | 4| SUCCESS|        177|        176|         59|     0.16|     0.73|    72.81|    54.97|   128.67|  1942.37|    2098152|        295|        352|        177|        175|  179422.73|  218058.33|     509.33|     582.44|
| stress_test/stress_test_30/input.txt       | 4| SUCCESS|        180|        179|         60|     0.16|     0.76|    76.17|   106.80|   183.89|  2042.28|    2205804|        300|        358|        180|        140|  179394.02|  221493.00|     518.00|     592.33|
| stress_test/stress_test_31/input.txt       | 4| SUCCESS|        183|        182|         61|     0.17|     0.78|    82.40|    80.22|   163.57|  2125.33|    2317079|        305|        364|        183|        155|  183413.31|  225277.67|     526.67|     602.22|
| stress_test/stress_test_32/input.txt       | 4| SUCCESS|        186|        185|         62|     0.17|     0.88|    86.22|    42.26|   129.53|  2142.46|    2432037|        310|        370|        186|        179|  188161.23|  229125.33|     535.33|     612.11|
| stress_test/stress_test_33/input.txt       | 4| SUCCESS|        189|        188|         63|     0.18|     0.89|    90.92|   107.01|   199.01|  2250.10|    2550738|        315|        376|        189|        178|  190885.16|  232798.00|     544.00|     622.00|
| stress_test/stress_test_34/input.txt       | 4| SUCCESS|        192|        191|         64|     0.18|     0.92|    94.73|   114.93|   210.76|  2376.73|    2673242|        320|        382|        192|        186|  194337.73|  236533.67|     552.67|     631.89|
| stress_test/stress_test_35/input.txt       | 4| SUCCESS|        195|        194|         65|     0.19|     0.94|    99.41|   136.30|   236.84|  2481.71|    2799609|        325|        388|        195|        184|  196980.69|  240199.33|     561.33|     641.78|
| stress_test/stress_test_36/input.txt       | 4| SUCCESS|        198|        197|         66|     0.20|     1.00|   104.38|   107.08|   212.65|  2632.73|    2929899|        330|        394|        198|        155|  197437.74|  243676.00|     570.00|     651.67|
| stress_test/stress_test_37/input.txt       | 4| SUCCESS|        201|        200|         67|     0.21|     0.99|   109.51|    52.80|   163.52|  2689.82|    3064172|        335|        400|        201|        189|  202995.27|  247593.67|     578.67|     661.56|
| stress_test/stress_test_38/input.txt       | 4| SUCCESS|        204|        203|         68|     0.22|     1.05|   115.41|   119.27|   235.96|  2816.93|    3202488|        340|        406|        204|        201|  206771.67|  251357.33|     587.33|     671.44|
| stress_test/stress_test_39/input.txt       | 4| SUCCESS|        207|        206|         69|     0.22|     1.04|   115.70|   159.62|   276.58|  2943.91|    3344907|        345|        412|        207|        158|  206095.28|  254736.00|     596.00|     681.33|
| stress_test/stress_test_40/input.txt       | 4| SUCCESS|        210|        209|         70|     0.23|     1.16|   121.70|    92.04|   215.13|  3057.87|    3491489|        350|        418|        210|        160|  209062.09|  258429.67|     604.67|     691.22|
| stress_test/stress_test_41/input.txt       | 4| SUCCESS|        213|        212|         71|     0.24|     1.19|   128.48|   146.04|   275.95|  3233.02|    3642294|        355|        424|        213|        211|  215995.93|  262466.33|     613.33|     701.11|
| stress_test/stress_test_42/input.txt       | 4| SUCCESS|        216|        215|         72|     0.24|     1.21|   134.53|   159.87|   295.85|  3315.24|    3797382|        360|        430|        216|        196|  217586.42|  266041.00|     622.00|     711.00|
| stress_test/stress_test_43/input.txt       | 4| SUCCESS|        219|        218|         73|     0.25|     1.26|   141.02|   223.40|   365.92|  3515.37|    3956813|        365|        436|        219|        208|  221362.83|  269804.67|     630.67|     720.89|
| stress_test/stress_test_44/input.txt       | 4| SUCCESS|        222|        221|         74|     0.25|     1.27|   146.86|   268.14|   416.52|  3612.23|    4120647|        370|        442|        222|        220|  225139.23|  273568.33|     639.33|     730.78|
| stress_test/stress_test_45/input.txt       | 4| SUCCESS|        225|        224|         75|     0.27|     1.29|   153.51|   155.39|   310.45|  3496.67|    4288944|        375|        448|        225|        219|  227863.16|  277241.00|     648.00|     740.67|
| stress_test/stress_test_46/input.txt       | 4| SUCCESS|        228|        227|         76|     0.27|     1.31|   158.38|   129.06|   289.02|  3823.09|    4461764|        380|        454|        228|        226|  231234.77|  280969.67|     656.67|     750.56|
| stress_test/stress_test_47/input.txt       | 4| SUCCESS|        231|        230|         77|     0.30|     1.33|   162.22|    86.33|   250.18|  3962.83|    4639167|        385|        460|        231|        228|  234201.57|  284663.33|     665.33|     760.44|
| stress_test/stress_test_48/input.txt       | 4| SUCCESS|        234|        233|         78|     0.30|     1.35|   169.23|    93.39|   264.27|  3957.71|    4821213|        390|        466|        234|        229|  237087.42|  288350.00|     674.00|     770.33|
| stress_test/stress_test_49/input.txt       | 4| SUCCESS|        237|        236|         79|     0.32|     1.48|   174.27|    96.57|   272.64|  4100.18|    5007962|        395|        472|        237|        235|  240378.07|  292071.67|     682.67|     780.22|
DONE
